## year[1] | co2 (ppmv) [2] | n2o (ppbv)[3] | ch4 (ppbv)[4] | cfc11 (ppbv)[5] | cfc12 (pppbv)[6] 
## Non values are given by -99999. values
1970  325.  295.  1420.   50.  109.
1980  337.  301.  1570.  164.  290.
1990  353.  308.  1700.  258.  467.
2000  369.  316.  1760.  267.  535.
2010  391.  324.  1871.  246.  527.
2020  420.  331.  2026.  214.  486.
2030  454.  338.  2202.  180.  441.
2040  491.  344.  2337.  149.  400.
2050  532.  350.  2400.  123.  362.
2060  572.  356.  2386.  101.  328.
2070  611.  360.  2301.   83.  298.
2080  649.  365.  2191.   68.  270.
2090  685.  368.  2078.   56.  245.
2100  717.  372.  1974.   45.  222.
